001111-----010001111101000011001
00110101000010001110001101100110
00100000000100100000000011111000
10101100000100100010010100000000
00100000000100100000000001111100
10101100000100100010010100000100
00100000000100100000000000111110
10101100000100100010010100001000
00100000000100100000000000011111
10101100000100100010010100001100
00100000000100100000000010011111
10101100000100100010010100010000
00100000000100100000000011011111
10101100000100100010010100010100
00100000000100100000000011111111
10101100000100100010010100011000
00100000000100100000000001011111
10101100000100100010010100011100
00100000000100100000000000111111
10101100000100100010010100100000
00100000000100100000000010111111
10101100000100100010010100100100
00100000000100100000000001111111
10101100000100100010010100101000
00100000000100100000000011111001
10101100000100100010010100101100
00100000000100100000000011111010
10101100000100100010010100110000
00100000000100100000000011111100
10101100000100100010010100110100
00100000000100100000000011111101
10101100000100100010010100111000
00100000000100100000000011111110
10101100000100100010010100111100
00100000000100100000000001111101
10101100000100100010010101000000
00100000000100100000000010111110
10101100000100100010010101000100
00100000000011010000000000000001
00100000000011110000000001100101
00100000000011100000000000000000
00100000000100000000000000000000
00100000000101000000000000000000
00100000000101010000000000000000
00000000000011010100100000100000
00100000000011000000000000000101
00000001000010010000000000011001
00000000000000000101000000010010
00000000000000000101100000010000
000000010100101101001-----100110
00100001100011001111111111111111
0001010110000000-000000000000100
000000-----010010101010000000000
000000-----010100101010000000010
000000-----010010101110000000010
000000010100101101001-----100110
000000-----010010101011000000000
000000-----010100101011000000010
000000-----010010101101000000010
000000010100101101001-----100110
00000010000010011000100000101011
00010010001000000000000000001000
00000000000010011000000000100000
10101100000010010010000000000000
00100001110100010010000000100000
10101100000100010010000000000100
00100000000100010000000000000000
00100000000100100000000000010010
10001110100100110010010100000000
00100010100101000000000000000100
00010110011010010000000000000110
00100010101101010000000000000001
00100010010100101111111111111111
0001011001000000-000000000000010
00100000000101000000000000000000
10101101110010010010000000100000
00100001110011100000000000000100
00100001101011010000000000000001
0001010110101111-000000000100010
10101100000101010010000000001000
